[sweeping.JPG]
filters=radsat=1,0.302500,0.703333,1.000000,0.000000;
moddate=0000f74e78d00000
width=1200
height=600
textactive=0
